1
2
4
3
43
44
5
6
48
47
8
7
14
13
24
23
10
9
12
11
15
16
34
33
0
0
0
0
22
21
18
17
0
0
20
19
28
27
0
0
26
25
32
31
104
103
0
0
36
35
0
0
0
0
30
29
38
37
0
0
42
41
0
0
0
0
0
0
0
0
0
0
0
0
40
39
68
67
0
0
0
0
0
0
0
0
54
53
46
45
76
75
90
89
50
49
52
51
0
0
70
69
62
61
0
0
56
55
83
84
58
57
0
0
0
0
60
59
0
0
0
0
64
63
66
65
82
81
78
77
0
0
72
71
0
0
0
0
0
0
114
113
0
0
100
99
0
0
0
0
0
0
94
93
80
79
112
111
0
0
0
0
0
0
0
0
120
119
86
85
88
87
92
91
0
0
0
0
0
0
110
109
0
0
108
107
0
0
96
95
98
97
0
0
0
0
0
0
0
0
102
101
0
0
0
0
106
105
0
0
0
0
0
0
0
0
118
117
0
0
116
115
0
0
0
0
0
0
0
0
0
0
122
121
0
0
0
0
0
0
0
0
0
0
0
0
